1 2 5
1 2 11
1 2 44
1 2 323
1 2 555
2 3 1
2 6 10
3 4 1
3 7 1
3 3 40
4 5 1
4 8 1
5 9 10
6 7 1
7 8 10
8 9 1
6 10 1
7 11 10
7 7 3
8 12 1
9 13 10
10 11 1
11 12 1
12 13 10
10 14 1
11 15 1
12 16 1
13 17 10
14 15 1
15 16 10
16 17 1
14 18 3
2 13 87
10 11 72
6 15 81
9 13 30
17 7 72
2 15 81
1 17 42
7 3 74
1 14 64
1 17 57
3 2 78
8 18 49
12 13 10
15 15 12
11 8 27
7 6 56
9 3 51
6 14 55
16 16 49
15 5 80
6 15 40
15 7 46
12 12 76
13 12 78
18 17 56
13 8 37
9 15 56
15 8 75
13 6 84
2 15 88
17 5 27
17 16 12
15 5 38
6 12 62
4 4 28
14 8 88
16 15 14
8 1 34
10 13 64
15 11 44
7 4 54
11 17 22
7 6 13
18 1 39
8 13 20
9 3 30
7 7 78
13 5 89
5 12 50
10 3 58
8 17 29
4 3 54
5 7 16
3 5 43
3 17 35
18 10 36
13 5 50
15 15 11
6 9 64
10 1 69
3 12 14
4 11 39
7 4 43
16 3 88
5 2 57
10 17 67
3 15 85
2 2 12
4 9 20
10 5 58
6 16 10
16 15 35
3 17 86
5 3 30
12 11 45
15 5 18
2 2 46
12 10 37
13 7 41
7 15 86
17 11 21
16 13 48
5 9 85
6 18 65
5 4 54
7 16 61
11 1 83
11 8 23
10 6 66
9 5 11
7 12 40
10 15 35
2 4 15
4 12 75
12 4 14
18 11 10
9 2 35
16 12 10
5 17 82
15 8 79
18 9 10
6 9 18
17 8 22
9 14 75
18 7 18
10 7 86
15 4 45
5 4 41
13 15 36
7 17 75
17 3 50
17 1 50
15 1 55
5 11 38
4 5 17
1 17 16
11 5 66
18 8 87
7 16 35
18 12 50
14 12 58
10 15 77
11 16 81
13 17 65
6 1 25
2 13 90
10 12 64
14 8 59
1 5 11
1 3 62
12 18 74
6 6 27
17 6 35
14 14 44
8 15 62
17 3 39
12 11 59
6 5 72
18 17 15
12 3 55
13 7 85
7 9 40
3 7 31
6 4 43
1 11 65
18 18 72
14 6 59
3 5 23
2 2 82
15 8 23
16 18 55
14 14 33
1 6 17
18 2 48
10 13 19
4 5 33
18 17 50
9 1 21
10 6 16
1 9 65
3 16 43
3 17 80
12 2 71
2 13 44
12 8 14
17 1 33
1 10 76
10 10 73
17 4 34
7 3 18
12 6 64
5 11 70
15 6 31
2 9 29
12 11 40
4 18 22
5 1 82
13 15 80
4 3 54
6 12 89
9 14 82
4 4 25
13 5 81
12 9 69
10 13 68
5 9 76
15 14 86
6 11 15
13 3 28
16 6 62
14 15 57
6 7 59
13 4 88
18 2 58
1 7 74
15 7 36
13 5 31
10 3 90
6 15 50

A 1
B 17